		int[][] labyrinth1 =  	
				{{0,0,0,0,0,0,0,0,0,0,0,0,0,0,1,1,1,1,1,1},
				 {0,0,1,0,0,0,0,1,1,1,1,1,1,1,1,0,0,0,0,1},
				 {0,0,1,0,0,0,0,1,1,1,0,0,0,1,1,1,0,0,0,1},
				 {0,0,1,0,0,0,1,1,1,0,0,0,0,0,1,1,1,0,0,1},
				 {0,0,1,0,0,1,1,1,1,1,0,0,0,0,0,1,0,1,0,1},
				 {0,0,1,1,1,1,1,0,0,1,0,0,0,0,0,0,0,0,0,1},
				 {0,0,0,0,0,1,1,0,0,1,0,0,0,0,0,0,0,0,0,1},
				 {0,0,0,0,0,1,1,0,0,1,0,0,0,0,0,0,0,0,0,1},
				 {0,0,0,0,0,1,1,0,0,1,0,0,0,0,0,0,0,0,0,1},
				 {1,1,1,1,1,1,1,0,0,1,0,0,0,1,1,1,1,1,0,1},
				 {1,0,0,0,1,0,1,0,0,1,0,0,0,1,1,0,0,0,0,1},
				 {1,0,0,0,1,0,1,0,0,1,0,0,0,1,1,0,0,0,0,1},
				 {1,0,0,0,1,0,1,0,1,1,0,0,0,1,1,0,0,0,0,1},
				 {1,0,0,0,1,0,1,0,1,1,0,0,0,1,1,0,0,0,0,1},
				 {1,0,0,0,1,0,1,0,1,1,0,0,0,1,1,0,0,0,0,1},
				 {1,0,0,0,1,0,1,0,1,1,0,0,0,1,1,0,0,0,0,1},
				 {1,0,0,0,1,0,1,0,1,1,0,0,0,1,1,0,0,0,0,1},
				 {1,0,0,0,1,1,1,1,1,1,0,0,0,1,1,0,0,0,0,1},
				 {2,0,0,0,0,0,0,0,0,0,0,0,0,1,1,1,1,1,1,3}};
                 
                 
                 
int[][] labyrinth2 = 
                {{0,0,0,0,0,0,0,0,0,0,0,0,0,0,0,0,0,0,0,0},
								 {0,0,0,0,0,0,0,0,0,0,0,0,0,0,0,0,0,0,0,0},
								 {0,0,0,0,0,0,0,0,0,0,0,0,0,0,0,0,0,0,0,0},
								 {0,0,0,0,0,0,0,0,0,0,0,0,0,0,0,0,0,0,0,0},
								 {0,0,0,0,0,0,0,0,0,0,0,0,0,0,0,0,0,0,0,0},
								 {0,0,0,0,0,0,0,0,0,0,0,0,0,0,0,0,0,0,0,0},
								 {0,0,0,0,0,0,0,0,0,0,0,0,0,0,0,0,0,0,0,0},
								 {0,0,0,0,0,0,0,0,0,0,0,0,0,0,0,0,0,0,0,0},
								 {0,0,0,0,0,0,0,0,0,0,0,0,0,0,0,0,0,0,0,0},
								 {0,0,0,0,0,0,0,0,0,0,0,0,0,0,0,0,0,0,0,0},
								 {0,0,0,0,0,0,0,0,0,0,0,0,0,0,0,0,0,0,0,0},
								 {0,0,0,0,0,0,0,0,0,0,0,0,0,0,0,0,0,0,0,0},
								 {0,0,0,0,0,0,0,0,0,0,0,0,0,0,0,0,0,0,0,0},
								 {0,0,0,0,0,0,0,0,0,0,0,0,0,0,0,0,0,0,0,0},
								 {0,0,0,0,0,0,0,0,0,0,0,0,0,0,0,0,0,0,0,0},
								 {0,0,0,0,0,0,0,0,0,0,0,0,0,0,0,0,0,0,0,0},
								 {0,0,0,0,0,0,0,0,0,0,0,0,0,0,0,0,0,0,0,0},
								 {0,0,0,0,0,0,0,0,0,0,0,0,0,0,0,0,0,0,0,0},
								 {0,0,0,0,0,0,0,0,0,0,0,0,0,0,0,0,0,0,0,0}};
